8.699070436542858387e-01
3.829289418925720390e-01
1.464365477054984377e-01
6.429509312313621550e-01
1.061785175356696337e-01
3.025424004482922813e-01
4.208989248851097154e-01
2.415094701531811730e-02
2.908017818456090989e-02
4.090008603494275086e-01
5.524067873166901843e-02
6.847052654539331762e-01
5.922409919031973446e-02
3.452952651610154411e-01
7.242365008573763419e-01
4.458771278424975004e-02
4.809158306053181939e-03
4.297532035391654626e-01
3.468225265730615625e-01
6.175324728194345886e-02
3.481050745556617532e-01
4.552996385950470182e-01
3.810695298476733384e-01
4.931452457044059878e-01
3.708778071484871153e-01
5.256048952686270120e-02
6.109249311899891954e-02
4.020364492429777670e-01
5.881113015044088232e-01
4.638039447828781747e-02
7.119833423010047957e-01
7.313224719363449200e-01
8.794038038124019074e-01
3.801958078452677969e-01
1.346170938464842648e-01
2.180825467868654707e-02
9.742473953709214485e-02
9.140977725649539476e-01
7.709660712480342903e-01
2.730358391112468475e-01
2.774921917532213039e-02
1.024189025512236562e-01
4.816861799304597569e-01
1.754290461463856865e-01
3.049104078906288429e-01
2.117627573032356825e-01
6.475891601289428534e-01
1.448061303020968527e-01
7.546283203968981446e-02
4.458105165632231248e-01
3.511620829398908600e-02
5.011395395115159079e-01
9.673272649951995816e-02
2.461203003558125046e-01
1.966136073289634079e-01
1.799631046451252159e-01
2.782493720445667340e-01
4.039040651062485998e-01
8.776427982570703112e-02
1.418152975365251922e-01
9.536133675035543544e-02
6.536651445035918107e-01
4.376689686333541940e-01
1.077444929629905457e-01
4.428246961927722603e-01
5.809580889727130604e-01
1.426068295074559011e-01
1.024315053820741422e-01
3.616473016641431615e-01
7.098384947626545927e-01
7.038405297468200983e-01
1.134378337930948555e-01
6.768970206442566084e-01
1.331890963532705863e-01
6.692190511506990180e-01
3.639711844183045608e-01
3.972334350819089477e-01
3.500428287750990131e-01
1.802801169476776766e-02
3.834168181889923699e-01
8.287215277497564925e-01
5.838613869372814846e-02
5.401335727632675665e-01
3.007223914181844648e-01
7.915975135722497225e-02
8.635937655036643457e-02
3.574164639935263343e-01
5.890409097320938869e-01
3.266023919671559028e-01
3.944192716904336427e-02
4.937277273375809683e-01
1.901989702418540457e-02
8.155542707146226644e-02
5.894992184182987760e-01
8.789319041523259435e-02
2.235735798201693714e-01
1.597590482729161765e-01
1.306477441159234754e-01
1.132278186411944526e-01
3.124779927435138993e-01
3.981135832540308450e-02
7.977514719181326708e-01
8.327445566526919807e-01
4.047746604668446269e-01
4.787162371126826854e-01
6.243265388948243851e-03
1.755137845247107739e-02
4.632771136391172773e-02
5.499966786780001726e-01
4.227859376518512680e-02
2.063149561657665054e-01
7.772203616843101903e-01
2.430341576296661255e-01
3.936760470275276619e-02
1.613588315587783095e-01
4.871475490007101672e-02
4.421288304607121078e-02
4.134990347067084016e-01
3.949516391506786572e-01
4.390716275718731937e-02
3.232634066917595139e-01
9.734184968316207665e-02
8.046179395018754343e-02
9.651451710560703390e-01
1.596827965393665394e-01
9.291204678107059176e-03
4.726380383475486391e-01
3.165515721010218608e-01
7.787237859877136348e-01
2.266411242483307442e-01
6.760744350150740822e-02
7.920363515181934044e-01
8.128432204957272700e-02
2.475446519339031398e-02
2.169917989303905836e-02
4.756392064121516827e-01
1.914588575659381675e-01
2.169480446940019180e-01
5.174980036400521621e-01
7.471656778002577770e-02
2.898671453072846904e-01
2.055329744082854126e-01
6.647452462790925942e-02
4.574932456700163408e-02
4.368521717143260541e-01
9.108886869390426799e-01
1.890408247413696563e-01
1.315953641208772451e-02
7.729679845525060100e-02
6.013723213411850121e-01
6.297382341874432354e-01
9.189334276116128963e-02
5.634377903422962408e-01
4.751448461168172183e-02
5.166239156107884645e-01
1.071834517702179579e-01
4.302924819216809582e-01
3.429239880247810235e-01
8.641506105533189874e-01
1.152262549990478863e-01
5.191746694566040654e-01
4.912431833410012272e-02
5.158889059673845701e-01
6.870055504539818170e-01
8.442684458161719974e-02
3.748571931673291141e-02
2.324838240443153348e-01
8.159281938405987811e-02
5.222959203328498834e-01
1.364039678459869065e-01
4.808492563616775795e-01
6.553328987950507445e-01
2.640440798177483561e-01
7.428205844133990432e-01
2.707762460441083818e-01
2.662255075971225321e-02
4.778723053086805228e-01
2.052561364768418772e-01
1.374055962439456047e-01
1.650059584929393086e-01
1.226644239025730249e-01
1.729334313735976791e-01
3.000193828600919432e-01
9.758954769955302880e-03
3.993459976569078140e-01
8.803250754398381228e-02
6.113596540981697247e-02
4.282527255787785814e-01
2.398664585295670615e-01
1.040702112649796035e-01
3.558801727914114726e-02
1.730980666321145500e-01
2.782244337230671549e-01
8.709134139671195207e-01
1.994105853340828738e-01
1.117492146946361398e-01
6.963549321468990305e-01
2.835974862171143362e-01
3.353028986683815327e-01
5.925705403370922220e-01
1.477634620696199330e-01
7.942959355023446189e-02
6.865336024190947795e-01
3.850340016607593091e-02
4.060047089860518987e-01
3.644829134925280933e-01
2.530319768550680082e-01
2.336586976067227261e-01
1.425620716053787318e-01
2.218506660910680994e-02
7.000053331518610866e-01
3.313109739681323052e-01
1.450737658360019555e-01
2.268500990117498783e-01
6.767857833049181759e-02
3.125386500510270171e-02
1.543268309871423938e-01
5.517231498392941025e-02
2.969099286436719387e-01
3.447956534164204334e-01
3.035135659271661138e-02
1.602068807897497893e-01
3.046719224575237389e-02
1.550041018672597692e-01
4.610737850643703561e-01
6.893125919447010697e-01
2.462320795966281006e-01
8.673382751454644657e-02
2.215999418025524637e-01
1.453856117490259225e-01
6.112925292277908706e-01
2.030274997300229312e-01
3.614884024279927943e-01
3.974384743055633384e-01
2.687265220178055025e-01
5.941711417513710902e-01
2.884333222088909521e-01
3.975424452707260192e-01
1.697240707236009893e-02
6.543598863948979494e-01
3.063352898557802351e-01
1.115495628622715091e-01
7.600151530522631926e-01
2.645169257379063610e-01
2.927870743888309757e-02
5.732665913284461234e-02
5.840350899951997354e-02
3.082939178790690127e-01
5.387106230313306598e-01
1.182690029417639288e-01
3.200469227349220791e-01
3.118083224583728108e-01
4.076809238469471935e-02
1.468527125658241894e-01
8.619529527784290657e-02
5.337603803024477261e-02
3.692911782004955346e-02
3.618433250010518742e-01
6.502246465329174496e-01
7.043662321017610251e-02
2.936206998447044025e-01
1.112751910042842768e-01
1.428072086088169046e-01
4.640989827104458620e-01
1.176609654863046556e-01
6.898494031690429740e-01
5.598089856527217467e-01
3.711692158390925145e-01
3.085885307478167805e-01
4.478382446559991958e-01
6.281179447188590670e-01
1.023538896565157758e-01
1.470584388857206215e-01
2.694197719804707417e-02
4.242077376227149643e-01
8.610157717031245717e-02
4.520297196031755060e-01
2.638551175814863314e-01
1.980646086505963993e-02
3.246678786301077646e-01
3.369294970856796523e-01
1.066608169884866314e-01
1.481375022518816587e-01
2.163586857781754080e-01
2.094267143126580799e-01
4.616953281923784624e-01
5.173575100146000638e-01
7.222891934409175763e-01
5.072334489484412456e-01
4.450154192738234871e-01
4.442791444745588514e-01
3.144500334579399814e-01
1.927770100019804700e-01
2.076935064249520735e-01
8.404918971041974718e-01
1.983681949931244692e-01
3.464525570823539513e-01
4.251739750325633782e-01
1.369804824697360146e-01
4.928084740783785223e-01
2.182543576512438743e-01
4.916490622642283315e-02
5.587822784567286066e-02
2.755701718536369624e-02
3.482982437883287985e-01
2.203760959076540571e-01
1.282309215796860469e-01
4.522067326857003300e-01
7.026627445015370954e-02
8.524054713277025019e-01
9.113347009401678855e-02
2.845458731274314035e-02
2.358956121989276011e-01
2.525727315199870482e-01
1.843023741694035239e-02
3.203147774735090048e-01
1.661453351575943593e-02
1.798929976588539148e-01
7.888820786163370791e-01
7.154593269361846086e-02
7.287954499728332980e-01
1.009336018773418497e-01
3.972636152072477889e-01
8.064334584688521712e-01
5.911961457059336511e-02
1.464685258734873818e-01
8.125982177698984343e-02
4.283313767777666148e-01
4.090174850605459572e-03
1.934088884787694140e-01
1.469753659270557795e-02
3.188989278642293534e-01
1.782330465909340578e-01
1.259164805013671395e-01
7.355911008669394624e-01
8.551694689073460198e-01
2.948128928513361613e-01
5.326345161850364329e-01
1.021319165343652496e-01
2.220677680404773424e-01
6.695144143090520084e-01
1.223979270848564865e-01
3.451751260802815580e-01
3.713318807437130942e-01
4.947385347025007873e-01
3.545561482546329413e-01
8.634908771086022838e-01
6.303548692788753238e-02
4.437407853138868874e-01
5.699687828431735520e-02
6.079208273147066466e-01
2.724333247695208127e-01
8.116563557396927475e-01
1.090994920897929571e-01
8.942654541382614175e-01
1.286727656321411672e-01
1.345856947753004684e-01
6.570474049724501775e-01
8.263095823960456832e-01
2.060472234076718423e-02
4.414995981879760722e-01
1.831281634513082512e-01
2.307489859604014981e-01
7.854071161257582256e-02
1.258962137104112089e-01
8.425735642889196075e-01
8.116763843801813594e-02
3.400487826059108709e-01
3.309681604739844185e-01
4.281480348978733974e-01
4.190279019850816078e-01
5.590756149681474357e-02
3.311096960660447203e-02
6.312037837911266269e-02
3.249567767799367290e-01
4.585142572644937409e-01
5.754053197152798615e-01
3.126666725137849934e-01
1.365750695123963687e-01
5.177192352141695153e-01
4.842070452836974015e-01
1.344126714939727907e-01
1.587529420342321251e-01
9.965433981838034416e-02
5.408207537004062759e-01
1.675834882388388403e-01
1.425112985344189065e-01
2.227755450142247517e-01
7.093230357867665870e-01
9.927022155040617080e-02
1.275918985305358189e-01
4.809481457611169963e-01
2.316790218161537962e-02
5.432663301298806813e-02
7.153751480829242393e-01
1.184851042673493171e-01
4.841826228758768225e-01
5.221975392428768875e-02
1.357936763885597697e-01
6.811610210493863893e-02
8.927226942488021288e-01
4.072629147387475945e-01
8.472870258928819620e-01
7.031267121717208468e-01
9.864748875147139051e-01
4.747702084652785093e-01
6.231932229476571106e-01
9.493657208733978781e-01
3.216625537196251550e-01
1.821902515227282748e-01
7.716273784010373449e-01
7.913303219372441744e-01
5.522710065391703838e-01
8.221869653634298336e-01
9.074518747621164172e-01
5.763884571375421650e-01
3.089730918889153077e-01
8.790001822690041156e-01
6.658631144333767571e-01
6.839208455935237296e-01
7.390397024442856289e-01
9.707603200915219110e-01
8.567243070146667305e-01
6.649477643895675971e-01
9.729678924607898516e-01
9.729983715533701005e-01
8.295882748247177529e-01
7.520418994694216819e-01
9.605113537214420294e-01
9.439805511316793352e-01
5.045989047065589927e-01
7.474898317970423145e-01
5.406755991111497073e-01
7.469219276651708483e-01
7.901538704092908594e-01
3.524067936994931260e-01
6.908314806180170242e-01
9.404821315493966383e-01
9.648973704129550910e-01
3.206333958327378109e-01
9.814299026061142905e-01
4.395614934469779245e-01
2.458634280151743845e-01
9.147124407244401345e-01
3.326667323874975546e-01
4.177316597125340647e-01
8.023718707777095505e-01
6.027572056236275566e-01
9.299757736040197287e-01
9.333647799390681898e-01
2.848088076073356789e-01
7.952273132491138874e-01
5.465340222536678727e-01
5.573363491114827761e-01
8.232228593985130294e-01
9.950344155718682249e-01
8.863843469646632833e-01
6.515505368884637605e-01
5.292816957710311243e-01
5.648663028970186684e-01
8.881334727385974404e-01
6.283387922327975383e-01
4.246829863272790218e-01
5.636081300127085969e-01
6.533693788047747475e-01
9.267978743028180144e-01
8.708889448860723803e-01
8.322704784480886575e-01
6.390055707160835485e-01
9.894794588980891925e-01
9.859038418765033729e-01
1.195967172392824324e-01
7.273020329172166232e-01
6.302115298490297279e-01
8.302729970896227663e-01
5.282247291515618226e-01
7.731696871479544209e-01
9.261096166301481247e-01
8.904655212525416363e-01
6.484203326196574801e-01
5.386598163877165391e-01
5.594536417321823718e-01
7.715851881091025932e-01
6.492843554706902998e-01
9.547169199591302169e-01
9.723116778994764786e-01
3.820320394348847293e-01
5.147400690144444679e-01
5.273430304920108114e-01
3.032316844882209095e-01
4.718359256902660004e-01
9.243165446666253837e-01
1.096934399668587218e-01
8.465847302418860743e-01
9.716000085610196901e-01
1.510764203869277289e-01
7.070630079824984371e-01
6.591829299618360283e-01
9.266356452615638339e-01
9.323945205314989604e-01
9.562655382600226961e-01
8.894681855525169434e-01
8.478850482091203622e-01
7.257172996458499670e-01
7.480065665209101322e-01
2.974483980181072962e-01
7.593640201351467001e-01
9.297585266218151290e-01
6.967537382238364607e-01
9.622074829985959310e-01
8.345676167616911112e-01
4.011143058778809944e-01
8.981346584128933053e-01
2.772036103155526288e-01
3.343038558865219501e-01
3.619286284537587828e-01
8.497066171416486347e-01
9.202610367950763148e-01
3.534516084822948989e-01
2.582173469250149123e-01
2.105612340333042065e-01
6.162578860851262164e-01
1.810054199281349585e-01
4.122834397183922084e-01
6.899520806776232584e-01
9.228032271135695463e-01
3.254615219145447491e-01
8.627991148094426022e-01
3.254258571897352681e-01
9.738211586370802975e-01
9.359647803170411118e-01
5.888382454318621395e-01
2.527178893987628849e-01
6.581576902115048311e-01
2.287997811595883779e-01
9.205890223394538330e-01
7.371667996853018545e-01
1.369044479032231199e-01
7.947988719725123108e-01
4.394175907807614245e-01
9.861808950252937134e-01
8.364894081448226437e-01
7.652873406202503892e-01
1.452500183164753822e-01
4.361894144931501849e-01
5.616751459140311153e-01
8.413659886033543200e-01
8.972230649186037077e-01
4.547747504523741435e-01
9.089260078245983143e-01
8.073588138696980998e-01
9.717527907939833565e-01
5.623784367123192407e-01
7.812168539811512602e-01
4.316700835075039655e-01
6.223071800982421520e-01
7.776699996037568230e-01
7.993585076301189529e-01
6.192639761443491375e-01
9.777202583119999346e-01
5.798786707164400589e-01
7.103145226188457562e-01
9.477601949609535392e-01
7.265844406153301183e-01
4.761534073894381769e-01
4.933448352603436726e-01
9.453840804511156604e-01
8.867874128674286816e-01
4.842968690617371341e-01
6.041905211571506618e-01
4.957406111617949640e-01
4.168509861753443846e-01
8.720588625287557516e-01
9.711074159081825030e-01
9.263894713826400507e-01
8.479702923170631124e-01
8.323347604354146556e-01
7.887309839405935996e-01
5.800261875333271311e-01
4.658907576480206258e-01
9.695256998276509108e-01
7.802161321737582922e-01
8.148747108203090450e-01
7.041430487226941759e-01
7.688994971052662830e-01
7.094608202527212804e-01
5.263505544515714035e-02
9.099398661170973179e-01
7.557659565473379137e-01
9.253204709461538835e-01
5.694783916630004050e-01
9.192345185781127803e-01
6.429668328888459294e-01
5.914065466077312871e-01
9.504217939626097289e-01
4.908170646090199152e-01
6.028801661185069216e-01
8.498586680259488935e-01
3.898438744387169863e-01
9.307968939679339693e-01
9.661070660646166042e-01
9.493065755709101383e-01
8.190570535118075757e-01
3.443486366361683260e-01
6.597608795900873346e-01
9.272393992261306339e-01
8.404466625146259640e-01
3.360037340505817038e-01
9.259390678661847396e-01
8.772030993678564537e-01
8.176109577575108034e-01
5.763845357751051779e-01
8.432119723965236791e-01
7.278555198963228001e-01
6.044877078636303747e-01
5.825127147303380548e-01
8.023314518448504407e-01
7.874093193552886838e-01
6.096810540332069372e-01
8.816703590418387693e-01
9.855481452990820790e-01
9.853621546154200939e-01
8.703943820239946616e-01
4.245282708153811368e-01
8.666936314871207525e-01
9.154482921110324023e-01
9.563163842808415360e-01
5.340516289338538281e-01
3.095944432864416451e-01
7.534487771675775214e-01
9.028155411122119611e-01
8.950661256103406016e-01
5.923064126737870305e-01
8.430649249243855614e-01
5.160448935982244606e-02
5.732772376523221913e-01
9.606304870717137234e-01
3.396936665356759533e-01
8.953191653073949707e-01
8.095353219611773898e-01
7.954761694481993217e-01
1.469074269346766770e-01
9.782644717059615358e-01
7.344212725807388598e-01
8.934315173082491013e-01
8.449410572430416932e-01
8.320412356219994976e-01
5.860809670623995382e-01
9.622239258016160868e-01
9.052976346751462344e-01
6.791565022693091258e-01
8.790034954221870311e-01
9.824422713368455851e-01
1.235934608545830558e-02
8.878347157388764010e-01
9.737342611399923964e-01
9.323612453539008582e-01
9.575971664985450937e-01
9.245832481238673850e-01
8.308959724236586464e-01
7.452386711733162139e-01
9.618854333543715995e-01
9.528945932302447241e-01
9.177137415467271353e-01
6.975446649509660091e-01
2.074437066608362246e-01
3.462399236501441657e-01
8.920733731017663759e-01
9.064310932400341247e-01
8.396305635853543725e-01
2.499280592460016714e-01
9.401169474820716410e-01
1.457360239797164947e-01
7.783591064993383712e-01
7.816300856732000257e-01
8.627647663285236135e-01
9.263863334008735073e-01
5.859575748016421226e-01
8.313143768409385626e-01
6.624641994939989287e-01
2.214783032259736162e-01
7.932152766337599026e-01
5.746185758381702202e-01
8.451828737337940822e-01
2.715057867336571618e-01
8.704384756049483585e-01
4.695265670654837353e-01
5.719849721362231243e-01
9.425547090024352093e-01
1.776958581135600068e-01
2.575621420003411099e-01
8.805861170892483880e-01
6.482462723203654686e-01
2.572556698110641249e-01
6.781700175816784970e-01
8.702550447068106987e-01
6.118125052011189613e-01
9.513650103250412826e-01
5.540744435675045709e-01
7.628026470471225284e-01
5.315769856705733210e-01
8.324551821762352644e-01
2.153787842311517264e-01
8.600337025370575761e-01
8.564244049434667216e-01
6.784600099901805237e-01
7.654787365642450325e-01
9.338105114752879299e-01
1.980676554023392266e-01
9.476116040168842680e-01
9.494323929346727420e-01
6.353091921823696975e-01
7.071336648764427191e-02
9.353931696489902192e-01
9.783141688396481683e-01
1.946845003152028741e-01
2.384948183686987910e-01
6.725863950767713151e-01
4.298791010830803061e-01
9.671519987215279057e-01
7.922844526645624885e-01
8.598435045671622978e-01
9.107162639558653572e-01
9.884805077853157096e-01
8.605139091324701672e-01
6.296410491997841419e-01
9.943826366760710744e-01
1.583681297412489475e-01
6.854737946385039971e-01
9.576290390827613130e-01
5.754464760753892349e-01
9.918993847034681677e-01
9.786098906878870629e-01
9.061527579029911017e-01
1.716861375059467176e-01
8.411486276140509033e-02
8.907722832850303307e-01
9.984298865633260966e-01
9.138024249082266071e-01
4.450889143502341216e-01
6.022135711921677848e-01
5.498091256877323252e-01
7.649699032969958790e-01
9.805863920414750190e-01
6.808173437580973264e-01
8.503477712777045561e-01
9.480218352982274777e-01
8.953335334874036322e-01
8.234050435081534391e-02
6.963822829012447091e-01
4.086181496193145302e-01
8.663076236624477344e-01
7.396948409884891440e-01
8.324767584477229532e-01
9.729446723434034272e-01
9.328982230701375888e-01
5.939948785309390189e-01
7.989227707353426799e-01
8.054652671634103811e-01
8.806620094227443074e-01
9.925538777006499558e-01
8.365099173591531434e-01
2.760352898041200653e-01
9.660137518069473739e-01
9.903468192672577608e-01
2.438828686431112613e-01
1.829620587380791363e-01
9.127945622801179049e-01
5.540651131491283188e-01
7.536552309575021980e-01
8.724666924586514938e-01
8.263893549612408851e-01
7.812748962783409024e-01
7.792367473737840111e-01
8.881058946949296207e-01
8.945942301099353289e-01
8.946405775532499938e-01
3.504000504178209074e-01
8.454177995265085288e-01
1.333540589580925750e-01
8.614795086531338297e-01
9.487487847940527796e-01
9.163665706948390666e-01
6.514589437506259628e-01
7.923835200783141408e-01
6.033322789597469482e-01
8.921290944545837709e-01
9.715057081746761858e-01
7.140248968528517537e-01
8.293136023635597764e-01
9.289084838598701266e-01
9.755750320370506490e-01
7.959302870592810386e-01
5.894830941307905858e-01
8.503923143083133018e-01
8.482260739671263483e-01
5.301498378880605822e-01
5.481921079119154161e-01
3.195355033726921534e-01
7.891049112030331658e-01
