1.529050316648047914e-01
6.113661755437465040e-01
1.839172179241831129e-01
5.503380489434465950e-02
1.364235470706459674e-01
2.187572354833780541e-02
2.351587771704948537e-01
1.218335334450676294e-01
1.201757025605884044e-01
7.809201064896728606e-02
1.972689543647487276e-01
5.599411273868309946e-01
9.575393260048287170e-02
1.513262144589750391e-01
3.512240250667843927e-02
5.969832582679013289e-02
1.245954379664251377e-01
3.367248954173924225e-01
1.055737296070876075e-01
8.864861630567261175e-02
3.821160377591384938e-01
3.637925776040879661e-02
9.104433956250469751e-02
8.900208143940485650e-01
1.440399439287721184e-01
3.459222117081926506e-01
4.555507331025587803e-02
6.448505127781893886e-01
5.833982422760765063e-01
9.316770256655623750e-02
4.824371776895176878e-02
9.621470769188553152e-02
2.356201171485973814e-02
2.770740598165553903e-02
2.187269440683892174e-01
8.710558409304500205e-02
5.728894057214269780e-02
6.348196284385997090e-02
3.462216904707486331e-01
2.753502986499655192e-01
2.681176319198211866e-01
9.512468342839132118e-01
5.688244714967576332e-01
4.221005148164275189e-01
7.718172689299741540e-01
1.121431528343969225e-01
3.506982932447025303e-01
2.144536438742336015e-01
9.089344662476758416e-03
3.501403713059955680e-01
2.946661341429407388e-01
3.407351620165675887e-02
1.123332886983283707e-01
9.728094872934855974e-02
1.003738471307039776e-01
3.155508173605064276e-02
1.230734799047732836e-01
3.121788254664433770e-01
5.530930190577977579e-02
5.264147666446349766e-02
2.103006959221659089e-01
1.476261805264916793e-01
1.026948421379247911e-01
1.396583251545441828e-01
6.244597150638715038e-02
4.196689397307119540e-01
2.646380810815877616e-01
2.969657497692076431e-01
1.847252881508792965e-01
2.102080749849734309e-01
4.548950134369995207e-02
1.501146900567850995e-01
3.037790407369161394e-01
8.233448783492705592e-02
6.177393283367595966e-01
8.034427771921960615e-02
9.288577789488666747e-02
2.784552796448262479e-01
9.066267308804248914e-02
2.894543178369605729e-01
7.157533553606099108e-01
3.204810345735986665e-01
8.604750739002892113e-02
1.859950717546932086e-01
5.623686961475345969e-01
7.341544732345506308e-02
3.034545528409501314e-01
5.261629811146071312e-01
9.260311976044785509e-02
4.467864870363403434e-02
2.955864089976235620e-01
3.885022156911353552e-01
1.510702333831692168e-01
1.877657327371377582e-01
3.285376774967044833e-01
1.973939134750434532e-01
2.454899599318716708e-01
9.494780337901975731e-02
8.210498096102182564e-02
7.983988580136626434e-02
2.085295879650546913e-01
2.139291136590421583e-01
3.144936901461085205e-02
1.711481703066997651e-01
5.856532651342084145e-02
2.876200537540045399e-02
9.735311183677405333e-01
8.021568122973701809e-02
5.448434694548096729e-02
7.428690300856805040e-02
7.993889845086887824e-01
1.630155682057110866e-01
1.163271260627545822e-01
1.474908130394380346e-01
4.926069261939956812e-02
1.062948204393455165e-01
4.504819876510508525e-01
7.448483043494945333e-02
3.280787420351973654e-02
1.976432470919294582e-01
6.370125634673047543e-02
1.193773564847759178e-01
3.857560127633382629e-01
4.416603835367876596e-01
3.514793488212212824e-01
1.409540474250251807e-01
2.693787072206205169e-01
1.103821781390762757e-01
1.851197939336255149e-01
2.941136554695331640e-01
4.842946898598448069e-01
1.382710146971837251e-01
7.535181286868032347e-01
4.455905905848938087e-01
3.907242550395285119e-01
2.449479788996693219e-01
2.799374649701309448e-01
2.909235375471785900e-01
1.287843337556728307e-01
9.553040714498768349e-01
9.192250651502248404e-02
6.385282056814113594e-02
1.661104394312949706e-01
3.285177122873677025e-01
4.269127951053324765e-01
2.387912012992428334e-01
1.802030812438496499e-01
4.372733638978174020e-02
1.100366066402919535e-01
7.473686821413838555e-02
1.492348191676012292e-01
2.074549268668126889e-01
6.586494499509824851e-02
8.722687409513957268e-02
2.041375360841243269e-01
5.749617203671860688e-01
7.585493610165575107e-02
9.861139146072567252e-01
3.825218463956286258e-02
1.176430742142316049e-01
9.357243348375234027e-02
1.606362379383674266e-01
7.642331058091617058e-02
3.448100984875485664e-01
3.721667288266019002e-01
2.597025356110698249e-02
3.372629660779841165e-01
6.098421452886616106e-02
3.933588526263959856e-02
4.109367837345998531e-01
3.987040668425272383e-01
6.111821967213398182e-02
3.740549274333776486e-02
1.954756103326909800e-01
5.834289024836734061e-01
5.478289212223199645e-01
2.554743098345680918e-01
8.475276977268150769e-02
4.925262964620946704e-02
7.446693924336607318e-02
6.934702306998156984e-02
1.270648598844959232e-01
8.027216920877631168e-01
4.159008250212679197e-03
1.246069164174968824e-01
2.497961124213637224e-02
3.042025382172059977e-01
1.480220162075093771e-01
2.457712851709479562e-01
3.011367192925152869e-01
1.931197990184257418e-01
8.604627561552950776e-02
1.548647178201595365e-01
1.933187432085569091e-01
2.457260137612806150e-01
6.294786068171002169e-01
1.216963449869603864e-01
2.410397482124167490e-01
6.899594734877289026e-01
3.548109422310350425e-01
1.327604893952612219e-01
1.243473372476074229e-01
1.557518220157409483e-01
9.158806286944229380e-02
4.043638675670052085e-01
4.229357553278097481e-01
4.776539794678619222e-02
1.670205496752112106e-01
1.436068660859856905e-01
1.500926004322852281e-01
2.791263666057925974e-01
5.210784113645642313e-01
4.445473185956592688e-01
9.651017341825373075e-01
3.144325370720791879e-01
1.624577046722915086e-02
1.833377243463490680e-01
2.151306666750233687e-01
3.688254900696185667e-01
2.276321943160673489e-01
1.094936337051894693e-01
4.597945177917319715e-01
7.170638258946300247e-01
6.443351378229295046e-02
4.656734394651128317e-02
8.345112472794116720e-02
4.417006356413545887e-01
5.291939983385230972e-01
2.098662380158734103e-02
1.447932151441413962e-01
1.369673325086652460e-01
8.589682873184001366e-01
8.287886334750997896e-01
2.488047175202766012e-02
2.957895009383381124e-01
2.112523462707159572e-02
1.832028029501214239e-01
1.822877684820411459e-01
2.656317392084249218e-01
2.973713408366234975e-02
2.141382463564011351e-01
5.445546213977090488e-01
6.163335151576166959e-01
2.066932522155266461e-01
3.077858468688989685e-02
1.576936573443591394e-01
9.412068557008241854e-01
2.535803039959000360e-01
8.504264459268153775e-01
4.060693998081786882e-01
8.474876193076448239e-01
3.832465818416501135e-01
4.207967769515889023e-01
1.840233618953953931e-01
2.124500979410070267e-01
1.105570392188911927e-01
7.409978323261063871e-01
3.681716260674136598e-01
3.237307656859950145e-02
1.226056646426443020e-01
7.577732462349763276e-01
6.688385250640244140e-01
7.607119016661986755e-02
5.587952617994237925e-02
4.497517362735036217e-01
3.774284929326318094e-01
2.417498614282947433e-01
8.336711996223813981e-02
5.164971100759876421e-01
2.047660233791648299e-01
2.782228984237221023e-02
2.441045111327006523e-01
3.933466289623873541e-02
1.138699629263192625e-01
1.963212987865086134e-01
2.119816641797277190e-01
1.659499273252378615e-01
1.939234591576416075e-02
5.405157803416597850e-02
6.502830604928165892e-01
4.259569111919304235e-02
1.418598847242170113e-01
2.618259759780927620e-01
5.808353555074329683e-02
6.336434660689387321e-01
2.077289358369323879e-01
9.769262119603743244e-01
6.639589536325697372e-01
7.059730252411824947e-02
5.974427596678313218e-02
9.511757728692797897e-01
8.245450048150999856e-02
6.532353449133744272e-01
9.693039940539321941e-02
6.769898875933053062e-02
1.525543742220457910e-01
1.134288410254343654e-01
1.741283029895205337e-01
2.270814039827885045e-01
2.377981675036872911e-01
4.343330757996913816e-01
2.288530159377612783e-01
1.131157930662770733e-01
2.746910402501154258e-01
1.508781351082262856e-01
7.818945380377426146e-02
2.181207906287194187e-01
7.238377264873156747e-02
1.324178621184849136e-01
5.733202193173360384e-02
1.379320119014930228e-02
5.615429392693030985e-01
8.982740747389870162e-01
2.074520421245574509e-01
6.817162744874784297e-02
6.130244666131460241e-01
3.189301140384540045e-01
7.039463284867694126e-01
3.087051931150450873e-02
7.715500154504816299e-01
2.164183908542382795e-01
8.533605245140001294e-01
1.551065071969154330e-01
3.328143819760479016e-01
6.971660694968730143e-02
4.757300769672080376e-01
9.583744356445842438e-01
3.116615745072247590e-01
4.800818856941155288e-01
3.588760782727047349e-01
3.816236295165724435e-02
4.151535361223375464e-02
5.041935286429121144e-01
1.556832498251496943e-01
1.497769447497805384e-01
4.428564739852551835e-01
2.473451566103884447e-01
2.072941616355677419e-01
1.847954314962262923e-01
2.542388368364286166e-01
4.725094034161885226e-01
5.847088759293788129e-01
2.749440705231427362e-01
1.956232889427639010e-01
5.844038098719780971e-02
5.789111677570223796e-02
3.798445637514444861e-01
5.457895144959080264e-02
2.045695239419620393e-01
9.467808556934995123e-02
2.069272394404538251e-01
1.301331385609839353e-01
5.936942673940978632e-02
2.297759125673407565e-01
1.538300456240819791e-01
3.864865643400438033e-01
1.669594849954147142e-01
3.006182428907130388e-01
2.505324823160372527e-01
1.493593250693561227e-02
1.038096632369091138e-01
2.507258187088823309e-01
3.566129504958684415e-01
5.157260240497383297e-01
4.659868120145842924e-02
2.424644788244025295e-01
2.609107372766569233e-01
2.383800076914354416e-01
1.776105331619833028e-01
2.919423283002460789e-01
6.445056871618816130e-01
1.690508408311705846e-01
6.572747543754626776e-01
6.490086702825049736e-01
1.250390859177592795e-01
7.914753159710394836e-01
6.479846784433934692e-02
5.914895076891137915e-01
2.177079718581975964e-01
2.679728919384144481e-01
1.762577933762034810e-01
5.902736658369698297e-01
3.844662972802597167e-01
1.717176672961362727e-01
9.897987028679584853e-02
6.191715412525005124e-01
9.697877769343712928e-02
1.046972934194257548e-01
1.748155970376128188e-01
4.744087801166217422e-01
2.998461780836807478e-01
1.492671642048895297e-01
1.051070716623810491e-01
7.097854819602930077e-01
8.239135552575459209e-02
1.715021369502586490e-01
8.687250110902661193e-02
4.034029325703500368e-01
3.910678003752440790e-01
5.731653134356408108e-01
4.881293397695462555e-01
1.414139419147990573e-01
8.495112897793900553e-01
9.965938261943181331e-01
9.358549771361071024e-01
7.365723511525393841e-01
9.613672721734523030e-01
2.228774239281215153e-01
9.400249322199226709e-01
6.489411099164972274e-01
9.619332054610033600e-01
5.529011153515309696e-01
2.960482489614854051e-01
6.224692994175262672e-01
9.863598127528365733e-01
9.231575666459654883e-01
4.222691732036695234e-01
3.482629001444771943e-01
9.766170253892595410e-01
9.895262862645700652e-01
5.933307543707369014e-01
8.704301082633799647e-01
3.668881059307114167e-01
9.764884742054786848e-01
9.559687046392170151e-01
7.277598246617528188e-01
6.271780401075299771e-01
9.556271911573095412e-01
9.688749902940752001e-01
2.266749573178401256e-01
9.982487660364768312e-01
9.542720332762092417e-01
5.907770237639774491e-01
8.656715116265925047e-01
4.613423407139313204e-01
9.613233430131228330e-01
2.543893564571242383e-01
9.999703579688226096e-01
8.661382144667831851e-01
9.817168471771604565e-01
9.798572258349556030e-01
6.948103360480116786e-01
4.967871436377943040e-01
9.835983774959770054e-01
2.767645140490269662e-01
9.999655461436836035e-01
9.976466817214797445e-01
9.935807571914834213e-01
4.076495935041849483e-01
1.925005902929878554e-01
2.197504276387637900e-01
9.746607281295590619e-01
9.813554871154674952e-01
9.833330945139613366e-01
8.822985563346750215e-01
9.936545464958086438e-01
6.319593505779923515e-01
9.861855005951569719e-01
2.105304808185856080e-01
9.922444989085408285e-01
6.442877272915653597e-01
7.787308047470551386e-01
8.668977955585872586e-01
6.783236790191122800e-01
7.686572376399619655e-01
7.643181149078522862e-01
9.556168702601649523e-01
4.622648023579195575e-01
9.999344074038218899e-01
6.743955886902496255e-01
9.498203928825784681e-01
6.101756670448627018e-01
7.491859113224609290e-01
7.273443183794517930e-01
3.834639506721466695e-01
8.379940665072286299e-01
7.594289332650692170e-01
9.999100222413496164e-01
9.927031442084357504e-01
5.975188479853824619e-01
4.328167879027020049e-01
9.999996120195078220e-01
6.571435518011313759e-01
5.320503702128606127e-01
6.942853838791110954e-01
8.525954468775059913e-01
7.413262898020940295e-01
3.865641446746670984e-01
8.205990107280664025e-01
1.376339654871530094e-01
3.474293437054066791e-01
3.447670659146637728e-01
9.522196017861634942e-01
9.133709889770602608e-01
8.989236768444797132e-01
6.240148402940227657e-01
4.612150415972259276e-01
9.999980976791786880e-01
9.999571068572473687e-01
6.253073120236608551e-01
2.165187691898276257e-01
3.068325288326995137e-01
9.153662037092248349e-01
9.484973623936953091e-01
3.330900630257532802e-01
2.138788576398384378e-01
6.457345786481599736e-01
9.911572170956258754e-01
8.594920010187058201e-01
9.966082712137372956e-01
9.999808846112729910e-01
9.065548586926298613e-01
9.770331798753699726e-01
9.767932958826861523e-01
9.981237971918870411e-01
8.685662171065322568e-01
7.006356104996932510e-01
2.143508327810771941e-01
9.908828238138440714e-01
2.400995884989433615e-01
9.436333574494079057e-01
7.558663920110045842e-01
9.117193471523359349e-01
5.007450892939806497e-01
9.824085617322388941e-01
9.997631291532863562e-01
9.794540670179417985e-01
9.071403091108560801e-01
9.999920214908220029e-01
7.392562605413660615e-01
4.406028874140285323e-01
7.047779729362594336e-01
9.940167112198469157e-01
9.953788828123348864e-01
7.284725317745991413e-01
4.737999010941598144e-01
6.069468633188180862e-01
9.965986097771097896e-01
8.393288952549766702e-01
9.981509391316496504e-01
8.189209877375892566e-01
4.700015593698084193e-01
2.839341368082956563e-01
9.969530560493163884e-01
6.463670701455906942e-01
4.836632997547771762e-01
4.961379481610354025e-01
3.243861756947621910e-01
9.994683485494973985e-01
9.979052502908085653e-01
3.720044427720025082e-01
7.794770055262146835e-01
6.935654955354555451e-01
5.111428270457651912e-01
9.736770536222024708e-01
9.983760667829668645e-01
9.955957451987998974e-01
9.977354736206264230e-01
9.687628397778591527e-01
4.044463408368418333e-01
9.415063519281683391e-01
9.991131466334263189e-01
3.610352293752651653e-01
9.784048725381843115e-01
9.302338542677542899e-01
9.463783328652876081e-01
4.472716303078177469e-01
3.429672686324221065e-01
6.081977991423400676e-01
9.992898543493039520e-01
9.475919356934627835e-01
9.999999906522388793e-01
9.820394904354509125e-01
9.370766881529486447e-01
8.364549192700416747e-01
2.852504021029250714e-01
9.999999575213289749e-01
7.950044780614669016e-01
9.903159727772745669e-01
8.488343521870271857e-01
9.999619472466204639e-01
9.298756514332713330e-01
9.974600881951832809e-01
4.011874093863327384e-01
9.922420842921193529e-01
4.357960388460869194e-01
9.999895659425954708e-01
9.999804064780203339e-01
9.976241422826193084e-01
9.167395997346174941e-01
6.955952518462016343e-01
2.495790336203154436e-01
9.733241368842461272e-01
2.249873504110973810e-01
9.998915935118781739e-01
7.706922791399736239e-01
6.681481345410860140e-01
1.199567729604116562e-01
5.106153488835636356e-01
1.946416154009610044e-01
7.631867151807017469e-02
7.339308660769273684e-01
7.239165169786377918e-01
2.181299015507913996e-01
9.999045581868037935e-01
8.087886355762994306e-01
7.170130914274382983e-01
8.251117230297264626e-01
1.278712853627543833e-01
2.044896340775149701e-01
8.836572189553728585e-01
3.567401399623796321e-01
4.270807439219862500e-01
9.583808172799659353e-01
8.859095561426970633e-01
9.273169178645739308e-01
3.645277668738433063e-01
3.621969869832769584e-01
4.190118807434683457e-01
8.621134608110990749e-01
9.352448651042046812e-01
9.359944553726199379e-01
8.119005272848726085e-01
8.063554663482174201e-01
8.489946303459068311e-01
2.306461808453867390e-01
6.560857660040140260e-01
6.616448626207573902e-01
7.326758000040601848e-01
8.222873297362948142e-01
3.713186394715756733e-01
3.631124236458826426e-01
7.816127494450858526e-01
9.970104249175030242e-01
9.725824040151211936e-01
9.925914735347527440e-01
4.979737044040502547e-01
9.979976360888102027e-01
6.541442112019356658e-01
9.908157765438052600e-01
9.987023510622980993e-01
8.129024556146509095e-01
2.641607061229175879e-01
8.869104060316396199e-01
9.957650798350434762e-01
9.994774835623050357e-01
9.999980556769360041e-01
2.446679556479714190e-01
9.959442024375861902e-01
3.935821757382063635e-01
9.460930839118031344e-01
6.526551724273506050e-01
1.912531985099203691e-01
9.997354497391116590e-01
3.129046826314257901e-01
5.105373778972255305e-01
9.205756914934394297e-01
9.956898143309121929e-01
9.996947146225620973e-01
3.998629767902613374e-01
4.646688405400559718e-01
9.349337573668777823e-01
4.649218786187421237e-01
9.985908421119364942e-01
3.944953994137111453e-01
8.147087835255457655e-01
8.641391149212963585e-01
9.626039809871664854e-01
8.065168053139978310e-01
9.663334653137878316e-01
9.053539840708135777e-01
9.956295234933917326e-01
5.339523780707113865e-01
1.000000000000000000e+00
9.224922270944356795e-01
5.018272858469263742e-01
7.903264602210511303e-01
7.157275094756180289e-01
9.740148067821190470e-01
3.275857088658556404e-01
9.999800279249976276e-01
8.526278764977499591e-01
6.044431473386093767e-01
3.668773476679172973e-01
7.746571744969172890e-01
9.999992340048372563e-01
3.000894132675353543e-01
9.701461281641708956e-01
8.574004263328224296e-01
5.747729564003561942e-01
8.196093486457013411e-01
1.000000000000000000e+00
8.992962018284599290e-01
9.826585695369699502e-01
4.338744351039003355e-01
6.118608438436724528e-01
6.255376951464843849e-01
9.607850767313838025e-01
9.999999999999238387e-01
7.713017954540423160e-01
8.461158999871670749e-01
1.369604610163737968e-01
9.925394224127664922e-01
9.501523995591076854e-01
9.972006570186662255e-01
9.758217048638627711e-01
9.341108515119562750e-01
2.089042982555276429e-01
3.051924071746247025e-01
3.155708280735866622e-01
6.858748954346740589e-01
2.505914542694734348e-01
9.504387028516227964e-01
9.851643530025592232e-01
8.954302453693940844e-01
6.254056973762316396e-01
3.479121707429665422e-01
8.248531797321000392e-01
7.779971289024683045e-01
9.894682758403142708e-01
9.999999765100046067e-01
9.323616536833043700e-01
9.999995929248878257e-01
9.483569898846148094e-01
9.990457959055244475e-01
6.458558068160384913e-01
9.653742194870469362e-01
9.999999981596849885e-01
6.750874785702932757e-01
9.684039638716401832e-01
7.111446235124759818e-01
9.968778943616075638e-01
8.434396311341837427e-01
4.012056709155345513e-01
9.975938520585222458e-01
9.997434081950266060e-01
4.439730923158032305e-01
9.980357639032947370e-01
7.868499413604682635e-01
9.997878251851028963e-01
3.336090757670251428e-01
8.510108752416887246e-01
9.981023948181649841e-01
9.973862363625466410e-01
9.939608593031939998e-01
8.028655118534073765e-01
9.387664965454980415e-01
8.666965299410902546e-01
5.104283626580989885e-01
8.967806410390638527e-01
9.807339661396742292e-01
8.330598412535030750e-01
3.174775720233428133e-01
5.416256163373829313e-01
3.888773298392227962e-01
9.977240764316966937e-01
9.509067728960702848e-01
9.943769178230215111e-01
7.844263134170207374e-01
9.899956144011045067e-01
9.960958333496051642e-01
9.556254578044828252e-01
1.175578521908268587e-01
9.751762563391620509e-01
7.687833133158827881e-01
9.706128913443468065e-01
9.999406861762708543e-01
9.973268715816739904e-01
3.800326694702171881e-01
9.968023407206667574e-01
9.983950725335908327e-01
8.110367613572848633e-01
2.727715239660335467e-01
6.745738725435891370e-01
7.343680658721558618e-01
3.826676132380141260e-01
7.388440607644068958e-01
4.169075906655923536e-01
4.965559768079237934e-01
9.672328247448966909e-01
9.080890716621102809e-01
9.943222940379879971e-01
8.163454392066343823e-01
8.025900680458903924e-01
3.358178379818502757e-01
4.232971767897538151e-01
2.806842947943408162e-01
6.708369164074514668e-01
5.944751872188716035e-01
6.765967355744917366e-01
9.875157629084420075e-01
9.238472624620849283e-01
9.395779247069901974e-01
6.190279408243463122e-01
2.779832978470500038e-01
6.555992103725558628e-01
2.881762924967581907e-01
4.255422938747820405e-01
7.512651448825579115e-01
5.877262736557886669e-01
